[gd_scene load_steps=7 format=2]

[ext_resource path="res://Platform Objects/BlockLarge.tscn" type="PackedScene" id=1]
[ext_resource path="res://Platform Objects/BlockHexagon.tscn" type="PackedScene" id=2]
[ext_resource path="res://Character.tscn" type="PackedScene" id=3]

[sub_resource type="PlaneMesh" id=1]

[sub_resource type="SpatialMaterial" id=2]
albedo_color = Color( 0.168627, 0.282353, 0.176471, 1 )

[sub_resource type="ConvexPolygonShape" id=3]
points = PoolVector3Array( 1, 0, 1, -1, 0, 1, 1, 0, -1, -1, 0, -1 )

[node name="Spatial" type="Spatial"]

[node name="Ground" type="StaticBody" parent="."]

[node name="MeshInstance" type="MeshInstance" parent="Ground"]
transform = Transform( 10, 0, 0, 0, 1, 0, 0, 0, 10, 0, 0, 0 )
mesh = SubResource( 1 )
material/0 = SubResource( 2 )

[node name="CollisionShape" type="CollisionShape" parent="Ground"]
transform = Transform( 10, 0, 0, 0, 1, 0, 0, 0, 10, 0, 0, 0 )
shape = SubResource( 3 )

[node name="CameraHub" type="Spatial" parent="."]
transform = Transform( 1, 0, 0, 0, 0.971917, 0.235326, 0, -0.235326, 0.971917, 0, 4.52846, 5.94074 )

[node name="Camera" type="Camera" parent="CameraHub"]
transform = Transform( 1, 0, 0, 0, 0.939693, 0.34202, 0, -0.34202, 0.939693, 0, 1.40144, 9.08493 )

[node name="DirectionalLight" type="DirectionalLight" parent="."]
transform = Transform( -0.183188, -0.946412, 0.265982, 0.185872, 0.232337, 0.95471, -0.965347, 0.22433, 0.13335, 0, 8.24459, 0 )
shadow_enabled = true

[node name="BlockLarge" parent="." instance=ExtResource( 1 )]
transform = Transform( 1, 0, 0, 0, 1, 0, 0, 0, 1, 0, 0, 5 )

[node name="BlockLarge2" parent="." instance=ExtResource( 1 )]
transform = Transform( 1, 0, 0, 0, 1, 0, 0, 0, 1, -0.00338697, 0, 3 )

[node name="BlockHexagon" parent="." instance=ExtResource( 2 )]
transform = Transform( 1, 0, 0, 0, 1, 0, 0, 0, 1, 2.02172, 1.64958, 1.7165 )

[node name="BlockHexagon2" parent="." instance=ExtResource( 2 )]
transform = Transform( 1, 0, 0, 0, 1, 0, 0, 0, 1, 1.17523, 2.07545, 0.506968 )

[node name="BlockHexagon3" parent="." instance=ExtResource( 2 )]
transform = Transform( 1, 0, 0, 0, 1, 0, 0, 0, 1, -0.388528, 2.88201, 0.506968 )

[node name="BlockLarge3" parent="." instance=ExtResource( 1 )]
transform = Transform( 1, 0, 0, 0, 1, 0, 0, 0, 1, -3.25475, 2.92572, -0.467767 )

[node name="Character" parent="." instance=ExtResource( 3 )]
transform = Transform( 1, 0, 0, 0, 1, 0, 0, 0, 1, 0, 1, 8.61764 )
